#Executing: [MatrixFunctionConverterExecutor]

# ::Matrix read :: 
#
# 0 0 0 0 0 0 0 0 0 0 0-1 1 0-1 0-1 0 0 1
# 0 0 0 0 0 0 0 0 1 0-1 1 0 0 0 0 0 0 1 0
# 0 1 0 1 0 0 0 0 0 0 0 0 0 0 0 0 0 1 0 0
# 0 0-1 0 1 0 0 0 1 0-1 0 0 0 0 0 0 0 0 1
# 0-1 0 1 0 0 0 0 0 0 0-1 0 1 0-1 0 0 0 0
# 0-1 0-1 0 0 0-1 0-1 0 0 0 0 0 0 0 0 0-1
# 0 1 0 0-1-1-1 0 0 0 1 0 0 0 0 0 0 0 0 0
# 0 0 0 0 0 0 0 0-1-1 1 0 0 0 0 0 0 0 0 1
#-1 0 0 0 0 0 1 0 0 0 0 0 0 0 0-1 0 0 1-1
# 0 0 0 0 1 0 0 1 0 0 0 0 0-1 0 1 0 0 1 0
# 1 0 1 0 0 0 0 0 0-1 0 0 0 0 0 0 0-1 1 0
# 0 0 0-1 0 0 1 0 0 0 0 0 0 0 0 0 0-1 0-1
# 0-1 0 0 1 0 0 0 0 1-1 0 0 0 1 0 0 0 0 0
# 0 0 0 0 0 0 0 0 0 0 0-1 0-1 0 0 0 1 0 1
# 0 0 0 1 0 0-1 0-1 0 0 0 0 1 0 0 0 0-1 0
# 0-1 0 0 0 0 0 0 0 0 1 1 0-1 0 0-1 0 0 0
# 0 0 0 0-1 0 0 0 0-1 0 0 0 0 0 1-1 0 0 1
# 0 0 0 1-1-1 0 0 0 0 0 0 0 0 0-1 0 0 0 0
# 1 0 0 0-1 0 0 0 0-1 0 0 0 0-1 0 0 0 0 0
# 0 1 0 0 0 0 0 0-1 0 0 1 1 0 0 0 0 0 0-1

# Number of nodes (genes)
.v 20

# Predecessor Nodes and Funcions
.n 1 6 1 12 13 15 17 20
000000 0
000001 1
000010 0
000011 0
000100 0
000101 0
000110 0
000111 0
001000 1
001001 1
001010 0
001011 1
001100 0
001101 1
001110 0
001111 0
010000 0
010001 0
010010 0
010011 0
010100 0
010101 0
010110 0
010111 0
011000 0
011001 1
011010 0
011011 0
011100 0
011101 0
011110 0
011111 0
100000 1
100001 1
100010 0
100011 1
100100 0
100101 1
100110 0
100111 0
101000 1
101001 1
101010 1
101011 1
101100 1
101101 1
101110 0
101111 1
110000 0
110001 1
110010 0
110011 0
110100 0
110101 0
110110 0
110111 0
111000 1
111001 1
111010 0
111011 1
111100 0
111101 1
111110 0
111111 0

# Predecessor Nodes and Funcions
.n 2 5 2 9 11 12 19
00000 0
00001 1
00010 1
00011 1
00100 0
00101 0
00110 0
00111 1
01000 1
01001 1
01010 1
01011 1
01100 0
01101 1
01110 1
01111 1
10000 1
10001 1
10010 1
10011 1
10100 0
10101 1
10110 1
10111 1
11000 1
11001 1
11010 1
11011 1
11100 1
11101 1
11110 1
11111 1

# Predecessor Nodes and Funcions
.n 3 4 3 2 4 18
0000 0
0001 1
0010 1
0011 1
0100 1
0101 1
0110 1
0111 1
1000 1
1001 1
1010 1
1011 1
1100 1
1101 1
1110 1
1111 1

# Predecessor Nodes and Funcions
.n 4 6 4 3 5 9 11 20
000000 0
000001 1
000010 0
000011 0
000100 1
000101 1
000110 0
000111 1
001000 1
001001 1
001010 0
001011 1
001100 1
001101 1
001110 1
001111 1
010000 0
010001 0
010010 0
010011 0
010100 0
010101 1
010110 0
010111 0
011000 0
011001 1
011010 0
011011 0
011100 1
011101 1
011110 0
011111 1
100000 1
100001 1
100010 0
100011 1
100100 1
100101 1
100110 1
100111 1
101000 1
101001 1
101010 1
101011 1
101100 1
101101 1
101110 1
101111 1
110000 0
110001 1
110010 0
110011 0
110100 1
110101 1
110110 0
110111 1
111000 1
111001 1
111010 0
111011 1
111100 1
111101 1
111110 1
111111 1

# Predecessor Nodes and Funcions
.n 5 6 5 2 4 12 14 16
000000 0
000001 0
000010 1
000011 0
000100 0
000101 0
000110 0
000111 0
001000 1
001001 0
001010 1
001011 1
001100 0
001101 0
001110 1
001111 0
010000 0
010001 0
010010 0
010011 0
010100 0
010101 0
010110 0
010111 0
011000 0
011001 0
011010 1
011011 0
011100 0
011101 0
011110 0
011111 0
100000 1
100001 0
100010 1
100011 1
100100 0
100101 0
100110 1
100111 0
101000 1
101001 1
101010 1
101011 1
101100 1
101101 0
101110 1
101111 1
110000 0
110001 0
110010 1
110011 0
110100 0
110101 0
110110 0
110111 0
111000 1
111001 0
111010 1
111011 1
111100 0
111101 0
111110 1
111111 0

# Predecessor Nodes and Funcions
.n 6 6 6 2 4 8 10 20
000000 0
000001 0
000010 0
000011 0
000100 0
000101 0
000110 0
000111 0
001000 0
001001 0
001010 0
001011 0
001100 0
001101 0
001110 0
001111 0
010000 0
010001 0
010010 0
010011 0
010100 0
010101 0
010110 0
010111 0
011000 0
011001 0
011010 0
011011 0
011100 0
011101 0
011110 0
011111 0
100000 1
100001 0
100010 0
100011 0
100100 0
100101 0
100110 0
100111 0
101000 0
101001 0
101010 0
101011 0
101100 0
101101 0
101110 0
101111 0
110000 0
110001 0
110010 0
110011 0
110100 0
110101 0
110110 0
110111 0
111000 0
111001 0
111010 0
111011 0
111100 0
111101 0
111110 0
111111 0

# Predecessor Nodes and Funcions
.n 7 5 2 5 6 7 11
00000 0
00001 1
00010 0
00011 1
00100 0
00101 0
00110 0
00111 0
01000 0
01001 0
01010 0
01011 0
01100 0
01101 0
01110 0
01111 0
10000 1
10001 1
10010 1
10011 1
10100 0
10101 1
10110 0
10111 1
11000 0
11001 1
11010 0
11011 1
11100 0
11101 0
11110 0
11111 0

# Predecessor Nodes and Funcions
.n 8 5 8 9 10 11 20
00000 0
00001 1
00010 1
00011 1
00100 0
00101 0
00110 0
00111 1
01000 0
01001 0
01010 0
01011 1
01100 0
01101 0
01110 0
01111 0
10000 1
10001 1
10010 1
10011 1
10100 0
10101 1
10110 1
10111 1
11000 0
11001 1
11010 1
11011 1
11100 0
11101 0
11110 0
11111 1

# Predecessor Nodes and Funcions
.n 9 6 9 1 7 16 19 20
000000 0
000001 0
000010 1
000011 0
000100 0
000101 0
000110 0
000111 0
001000 1
001001 0
001010 1
001011 1
001100 0
001101 0
001110 1
001111 0
010000 0
010001 0
010010 0
010011 0
010100 0
010101 0
010110 0
010111 0
011000 0
011001 0
011010 1
011011 0
011100 0
011101 0
011110 0
011111 0
100000 1
100001 0
100010 1
100011 1
100100 0
100101 0
100110 1
100111 0
101000 1
101001 1
101010 1
101011 1
101100 1
101101 0
101110 1
101111 1
110000 0
110001 0
110010 1
110011 0
110100 0
110101 0
110110 0
110111 0
111000 1
111001 0
111010 1
111011 1
111100 0
111101 0
111110 1
111111 0

# Predecessor Nodes and Funcions
.n 10 6 10 5 8 14 16 19
000000 0
000001 1
000010 1
000011 1
000100 0
000101 0
000110 0
000111 1
001000 1
001001 1
001010 1
001011 1
001100 0
001101 1
001110 1
001111 1
010000 1
010001 1
010010 1
010011 1
010100 0
010101 1
010110 1
010111 1
011000 1
011001 1
011010 1
011011 1
011100 1
011101 1
011110 1
011111 1
100000 1
100001 1
100010 1
100011 1
100100 0
100101 1
100110 1
100111 1
101000 1
101001 1
101010 1
101011 1
101100 1
101101 1
101110 1
101111 1
110000 1
110001 1
110010 1
110011 1
110100 1
110101 1
110110 1
110111 1
111000 1
111001 1
111010 1
111011 1
111100 1
111101 1
111110 1
111111 1

# Predecessor Nodes and Funcions
.n 11 6 11 1 3 10 18 19
000000 0
000001 1
000010 0
000011 0
000100 0
000101 0
000110 0
000111 0
001000 1
001001 1
001010 0
001011 1
001100 0
001101 1
001110 0
001111 0
010000 1
010001 1
010010 0
010011 1
010100 0
010101 1
010110 0
010111 0
011000 1
011001 1
011010 1
011011 1
011100 1
011101 1
011110 0
011111 1
100000 1
100001 1
100010 0
100011 1
100100 0
100101 1
100110 0
100111 0
101000 1
101001 1
101010 1
101011 1
101100 1
101101 1
101110 0
101111 1
110000 1
110001 1
110010 1
110011 1
110100 1
110101 1
110110 0
110111 1
111000 1
111001 1
111010 1
111011 1
111100 1
111101 1
111110 1
111111 1

# Predecessor Nodes and Funcions
.n 12 5 12 4 7 18 20
00000 0
00001 0
00010 0
00011 0
00100 1
00101 0
00110 0
00111 0
01000 0
01001 0
01010 0
01011 0
01100 0
01101 0
01110 0
01111 0
10000 1
10001 0
10010 0
10011 0
10100 1
10101 1
10110 1
10111 0
11000 0
11001 0
11010 0
11011 0
11100 1
11101 0
11110 0
11111 0

# Predecessor Nodes and Funcions
.n 13 6 13 2 5 10 11 15
000000 0
000001 1
000010 0
000011 0
000100 1
000101 1
000110 0
000111 1
001000 1
001001 1
001010 0
001011 1
001100 1
001101 1
001110 1
001111 1
010000 0
010001 0
010010 0
010011 0
010100 0
010101 1
010110 0
010111 0
011000 0
011001 1
011010 0
011011 0
011100 1
011101 1
011110 0
011111 1
100000 1
100001 1
100010 0
100011 1
100100 1
100101 1
100110 1
100111 1
101000 1
101001 1
101010 1
101011 1
101100 1
101101 1
101110 1
101111 1
110000 0
110001 1
110010 0
110011 0
110100 1
110101 1
110110 0
110111 1
111000 1
111001 1
111010 0
111011 1
111100 1
111101 1
111110 1
111111 1

# Predecessor Nodes and Funcions
.n 14 4 12 14 18 20
0000 0
0001 1
0010 1
0011 1
0100 0
0101 1
0110 1
0111 1
1000 0
1001 0
1010 0
1011 1
1100 0
1101 0
1110 0
1111 1

# Predecessor Nodes and Funcions
.n 15 6 15 4 7 9 14 19
000000 0
000001 0
000010 1
000011 0
000100 0
000101 0
000110 0
000111 0
001000 0
001001 0
001010 0
001011 0
001100 0
001101 0
001110 0
001111 0
010000 1
010001 0
010010 1
010011 1
010100 0
010101 0
010110 1
010111 0
011000 0
011001 0
011010 1
011011 0
011100 0
011101 0
011110 0
011111 0
100000 1
100001 0
100010 1
100011 1
100100 0
100101 0
100110 1
100111 0
101000 0
101001 0
101010 1
101011 0
101100 0
101101 0
101110 0
101111 0
110000 1
110001 1
110010 1
110011 1
110100 1
110101 0
110110 1
110111 1
111000 1
111001 0
111010 1
111011 1
111100 0
111101 0
111110 1
111111 0

# Predecessor Nodes and Funcions
.n 16 6 16 2 11 12 14 17
000000 0
000001 0
000010 0
000011 0
000100 1
000101 0
000110 0
000111 0
001000 1
001001 0
001010 0
001011 0
001100 1
001101 1
001110 1
001111 0
010000 0
010001 0
010010 0
010011 0
010100 0
010101 0
010110 0
010111 0
011000 0
011001 0
011010 0
011011 0
011100 1
011101 0
011110 0
011111 0
100000 1
100001 0
100010 0
100011 0
100100 1
100101 1
100110 1
100111 0
101000 1
101001 1
101010 1
101011 0
101100 1
101101 1
101110 1
101111 1
110000 0
110001 0
110010 0
110011 0
110100 1
110101 0
110110 0
110111 0
111000 1
111001 0
111010 0
111011 0
111100 1
111101 1
111110 1
111111 0

# Predecessor Nodes and Funcions
.n 17 5 5 10 16 17 20
00000 0
00001 1
00010 0
00011 1
00100 1
00101 1
00110 1
00111 1
01000 0
01001 0
01010 0
01011 0
01100 0
01101 1
01110 0
01111 1
10000 0
10001 0
10010 0
10011 0
10100 0
10101 1
10110 0
10111 1
11000 0
11001 0
11010 0
11011 0
11100 0
11101 0
11110 0
11111 0

# Predecessor Nodes and Funcions
.n 18 5 18 4 5 6 16
00000 0
00001 0
00010 0
00011 0
00100 0
00101 0
00110 0
00111 0
01000 1
01001 0
01010 0
01011 0
01100 0
01101 0
01110 0
01111 0
10000 1
10001 0
10010 0
10011 0
10100 0
10101 0
10110 0
10111 0
11000 1
11001 1
11010 1
11011 0
11100 1
11101 0
11110 0
11111 0

# Predecessor Nodes and Funcions
.n 19 5 19 1 5 10 15
00000 0
00001 0
00010 0
00011 0
00100 0
00101 0
00110 0
00111 0
01000 1
01001 0
01010 0
01011 0
01100 0
01101 0
01110 0
01111 0
10000 1
10001 0
10010 0
10011 0
10100 0
10101 0
10110 0
10111 0
11000 1
11001 1
11010 1
11011 0
11100 1
11101 0
11110 0
11111 0

# Predecessor Nodes and Funcions
.n 20 5 2 9 12 13 20
00000 0
00001 0
00010 1
00011 1
00100 1
00101 1
00110 1
00111 1
01000 0
01001 0
01010 0
01011 0
01100 0
01101 0
01110 1
01111 1
10000 1
10001 1
10010 1
10011 1
10100 1
10101 1
10110 1
10111 1
11000 0
11001 0
11010 1
11011 1
11100 1
11101 1
11110 1
11111 1

#Total execution time (s): 0.010000
