#Executing: [MatrixFunctionConverterExecutor]

# ::Matrix read :: 
#
#-1 0 0 0 0 0 0 0 0 0 0
# 1 0 0 0 0 0 0 0 0-1 0
# 1 0 0 0 0 0 0 0 0-1 0
# 0 0 1-1 0 0 0 0 0 0 0
# 0 0 0-1 0 0 1-1 0-1 0
# 0 0 0 0 0-1 1 0 0-1 1
# 0 0 0 0 0 0-1 0 0 1 1
# 0 1 0 0 0 0-1 0-1 0 0
# 0 0 0-1 0 1 1-1 0-1 0
# 0 0 0 0-1 0-1 1-1 0 1
# 0 0 0 0 0 0 0 1 0 1-1

# Number of nodes (genes)
.v 11

# Predecessor Nodes and Funcions
.n 1 1 1
0 0
1 0

# Predecessor Nodes and Funcions
.n 2 3 2 1 10
000 0
001 0
010 1
011 0
100 1
101 0
110 1
111 1

# Predecessor Nodes and Funcions
.n 3 3 3 1 10
000 0
001 0
010 1
011 0
100 1
101 0
110 1
111 1

# Predecessor Nodes and Funcions
.n 4 2 3 4
00 0
01 0
10 1
11 1

# Predecessor Nodes and Funcions
.n 5 5 5 4 7 8 10
00000 0
00001 0
00010 0
00011 0
00100 1
00101 0
00110 0
00111 0
01000 0
01001 0
01010 0
01011 0
01100 0
01101 0
01110 0
01111 0
10000 1
10001 0
10010 0
10011 0
10100 1
10101 1
10110 1
10111 0
11000 0
11001 0
11010 0
11011 0
11100 1
11101 0
11110 0
11111 0

# Predecessor Nodes and Funcions
.n 6 4 6 7 10 11
0000 0
0001 1
0010 0
0011 0
0100 1
0101 1
0110 0
0111 1
1000 0
1001 1
1010 0
1011 0
1100 1
1101 1
1110 0
1111 1

# Predecessor Nodes and Funcions
.n 7 3 7 10 11
000 0
001 1
010 1
011 1
100 0
101 1
110 1
111 1

# Predecessor Nodes and Funcions
.n 8 4 8 2 7 9
0000 0
0001 0
0010 0
0011 0
0100 1
0101 0
0110 0
0111 0
1000 1
1001 0
1010 0
1011 0
1100 1
1101 1
1110 1
1111 0

# Predecessor Nodes and Funcions
.n 9 6 9 4 6 7 8 10
000000 0
000001 0
000010 0
000011 0
000100 1
000101 0
000110 0
000111 0
001000 1
001001 0
001010 0
001011 0
001100 1
001101 1
001110 1
001111 0
010000 0
010001 0
010010 0
010011 0
010100 0
010101 0
010110 0
010111 0
011000 0
011001 0
011010 0
011011 0
011100 1
011101 0
011110 0
011111 0
100000 1
100001 0
100010 0
100011 0
100100 1
100101 1
100110 1
100111 0
101000 1
101001 1
101010 1
101011 0
101100 1
101101 1
101110 1
101111 1
110000 0
110001 0
110010 0
110011 0
110100 1
110101 0
110110 0
110111 0
111000 1
111001 0
111010 0
111011 0
111100 1
111101 1
111110 1
111111 0

# Predecessor Nodes and Funcions
.n 10 6 10 5 7 8 9 11
000000 0
000001 1
000010 0
000011 0
000100 1
000101 1
000110 0
000111 1
001000 0
001001 0
001010 0
001011 0
001100 0
001101 1
001110 0
001111 0
010000 0
010001 0
010010 0
010011 0
010100 0
010101 1
010110 0
010111 0
011000 0
011001 0
011010 0
011011 0
011100 0
011101 0
011110 0
011111 0
100000 1
100001 1
100010 0
100011 1
100100 1
100101 1
100110 1
100111 1
101000 0
101001 1
101010 0
101011 0
101100 1
101101 1
101110 0
101111 1
110000 0
110001 1
110010 0
110011 0
110100 1
110101 1
110110 0
110111 1
111000 0
111001 0
111010 0
111011 0
111100 0
111101 1
111110 0
111111 0

# Predecessor Nodes and Funcions
.n 11 3 8 10 11
000 0
001 0
010 1
011 1
100 1
101 1
110 1
111 1

#Total execution time (s): 0.000000
